,Man City,Sunderland,Burnley,Swansea,Crystal Palace,West Brom,Everton,Tottenham,Middlesbrough,Stoke,Southampton,Watford,Hull,Leicester,Arsenal,Liverpool,Bournemouth,Man Utd,Chelsea,West Ham
2016-08-13,0,3,0,0,3,0,3,1,1,1,1,1,1,3,0,0,0,0,0,0,0
2016-08-14,0,3,0,0,3,0,3,1,1,1,1,1,1,3,0,0,3,0,3,0,0
2016-08-15,0,3,0,0,3,0,3,1,1,1,1,1,1,3,0,0,3,0,3,3,0
2016-08-19,0,3,0,0,3,0,3,1,1,1,1,1,1,3,0,0,3,0,6,3,0
2016-08-20,0,6,0,3,3,0,3,4,4,1,1,1,1,6,1,1,3,0,6,6,0
2016-08-21,0,6,0,3,3,0,3,4,4,4,1,1,1,6,1,1,3,0,6,6,3
2016-08-27,0,6,1,3,3,1,3,7,5,4,1,2,1,6,4,4,4,1,9,9,3
2016-08-28,0,9,1,3,3,1,4,7,5,5,1,2,1,6,4,4,4,1,9,9,3
2016-09-10,0,12,1,4,3,4,4,7,8,5,1,2,4,7,4,7,7,4,9,9,3
2016-09-11,0,12,1,4,4,4,4,7,8,5,1,2,4,7,4,7,7,4,9,10,3
2016-09-12,0,12,1,4,4,4,4,10,8,5,1,2,4,7,4,7,7,4,9,10,3
2016-09-16,0,12,1,4,4,4,4,10,8,5,1,2,4,7,4,7,10,4,9,10,3
2016-09-17,0,15,1,4,4,4,7,13,8,5,1,2,4,7,7,10,10,4,9,10,3
2016-09-18,0,15,1,4,4,7,7,13,11,5,1,5,7,7,7,10,10,4,9,10,3
2016-09-24,0,18,1,4,4,10,8,13,14,5,2,5,7,7,7,13,13,7,12,10,3
2016-09-25,0,18,1,4,4,10,8,13,14,5,2,8,7,7,7,13,13,7,12,10,3
2016-09-26,0,18,1,7,4,10,8,13,14,5,2,8,7,7,7,13,13,7,12,10,3
2016-09-30,0,18,1,7,4,11,8,14,14,5,2,8,7,7,7,13,13,7,12,10,3
2016-10-01,0,18,2,7,4,11,9,14,14,6,2,8,8,7,7,13,16,8,12,13,4
2016-10-02,0,18,2,7,4,11,9,14,17,6,3,9,8,7,8,16,16,8,13,13,4
2016-10-15,0,19,2,7,4,11,10,15,18,6,6,9,8,7,8,19,16,11,13,16,7
2016-10-16,0,19,2,7,4,11,10,15,18,6,6,12,11,7,8,19,16,11,13,16,7
2016-10-17,0,19,2,7,4,11,10,15,18,6,6,12,11,7,8,19,17,11,14,16,7
2016-10-22,0,19,2,10,5,11,10,15,19,7,9,12,12,7,11,20,20,12,14,16,10
2016-10-23,0,20,2,10,5,11,10,15,19,7,9,13,12,7,11,20,20,12,14,19,10
2016-10-29,0,23,2,11,5,11,10,15,20,10,9,13,15,7,12,23,23,12,15,19,10
2016-10-30,0,23,2,11,5,11,10,18,20,10,9,13,15,7,12,23,23,12,15,22,10
2016-10-31,0,23,2,11,5,11,10,18,20,10,12,13,15,7,12,23,23,12,15,22,10
2016-11-05,0,24,5,14,5,11,10,18,20,11,13,13,15,7,12,23,23,12,15,25,11
2016-11-06,0,24,5,14,5,11,13,18,21,11,13,13,15,10,12,24,26,12,18,25,11
2016-11-19,0,27,8,14,6,11,13,19,24,11,13,14,18,10,12,25,27,15,19,25,11
2016-11-20,0,27,8,14,6,11,13,19,24,11,13,14,18,10,12,25,27,15,19,28,11
2016-11-21,0,27,8,14,6,11,16,19,24,11,13,14,18,10,12,25,27,15,19,28,11
2016-11-26,0,30,8,14,9,11,17,19,24,12,13,14,18,11,13,25,30,15,19,31,11
2016-11-27,0,30,8,14,9,11,17,19,24,12,16,17,18,11,13,28,30,15,20,31,12
2016-12-03,0,30,11,14,9,14,20,19,27,12,19,17,18,11,13,31,30,15,20,34,12
2016-12-04,0,30,11,14,9,14,20,20,27,12,19,17,18,11,13,31,30,18,21,34,12
2016-12-05,0,30,11,14,9,14,20,20,27,15,19,17,18,11,13,31,30,18,21,34,12
2016-12-10,0,30,11,17,12,15,20,20,27,15,19,17,21,12,16,34,30,18,21,34,12
2016-12-11,0,30,11,17,12,15,20,20,27,15,19,20,21,12,16,34,31,18,24,37,13
2016-12-13,0,30,11,17,12,15,20,23,27,15,19,20,21,12,16,34,31,21,24,37,13
2016-12-14,0,33,11,17,12,15,23,23,30,15,20,21,21,12,16,34,34,21,27,40,16
2016-12-17,0,33,14,17,12,15,23,23,30,18,21,21,21,12,17,34,34,21,30,43,19
2016-12-18,0,36,14,17,12,15,23,23,33,18,21,24,21,12,17,34,34,21,30,43,19
2016-12-19,0,36,14,17,12,15,23,23,33,18,21,24,21,12,17,34,37,21,30,43,19
2016-12-26,0,39,14,20,12,16,23,26,33,18,21,24,22,12,17,37,37,21,33,46,22
2016-12-27,0,39,14,20,12,16,23,26,33,18,21,24,22,12,17,37,40,21,33,46,22
2016-12-28,0,39,14,20,12,16,23,26,36,18,21,24,22,12,17,37,40,21,33,46,22
2016-12-30,0,39,14,20,12,16,23,27,36,18,21,24,22,13,17,37,40,21,33,46,22
2016-12-31,0,39,14,23,12,16,26,27,36,18,21,24,22,13,20,37,43,24,36,49,22
2017-01-01,0,39,14,23,12,16,26,27,39,18,21,24,22,13,20,40,43,24,36,49,22
2017-01-02,0,42,15,23,12,16,29,30,39,19,21,24,22,13,21,40,44,24,39,49,22
2017-01-03,0,42,15,23,15,16,29,30,39,19,24,24,22,13,21,41,44,25,39,49,22
2017-01-04,0,42,15,23,15,16,29,30,42,19,24,24,22,13,21,41,44,25,39,49,22
2017-01-14,0,42,15,26,15,16,29,30,45,20,27,24,23,16,21,44,44,25,39,52,25
2017-01-15,0,42,15,26,15,16,29,33,45,20,27,24,23,16,21,44,45,25,40,52,25
2017-01-21,0,43,15,26,18,16,32,36,46,20,28,24,24,16,21,44,45,26,41,52,28
2017-01-22,0,43,15,26,18,16,32,36,46,20,28,27,24,16,21,47,45,26,41,55,28
2017-01-31,0,43,16,29,21,19,33,36,47,21,28,27,27,16,21,47,46,26,41,56,28
2017-02-01,0,46,16,29,21,19,33,37,47,21,29,27,27,17,21,47,46,26,42,56,28
2017-02-04,0,46,19,29,21,19,36,40,50,21,29,27,30,20,21,47,46,26,42,59,31
2017-02-05,0,49,19,29,21,19,36,40,50,21,29,27,30,20,21,47,46,26,45,59,31
2017-02-11,0,49,19,29,21,19,37,41,50,22,32,30,30,20,21,50,49,26,48,59,32
2017-02-12,0,49,19,30,24,19,37,41,50,22,32,30,30,20,21,50,49,26,48,60,32
2017-02-13,0,52,19,30,24,19,37,41,50,22,32,30,30,20,21,50,49,26,48,60,32
2017-02-25,0,52,19,31,24,22,40,44,50,22,32,30,31,21,21,50,49,26,48,63,33
2017-02-26,0,52,19,31,24,22,40,44,53,22,32,30,31,21,21,50,49,26,48,63,33
2017-02-27,0,52,19,31,24,22,40,44,53,22,32,30,31,21,24,50,49,26,48,63,33
2017-03-04,0,52,19,31,27,25,40,44,53,22,35,33,31,21,27,50,52,27,49,63,33
2017-03-05,0,55,19,31,27,25,40,44,56,22,35,33,31,21,27,50,52,27,49,63,33
2017-03-06,0,55,19,31,27,25,40,44,56,22,35,33,31,21,27,50,52,27,49,66,33
2017-03-08,0,56,19,31,27,25,40,44,56,22,36,33,31,21,27,50,52,27,49,66,33
2017-03-11,0,56,19,31,27,25,40,47,56,22,36,33,31,24,27,50,52,30,49,66,33
2017-03-12,0,56,19,31,27,25,40,47,56,22,36,33,31,24,27,50,55,30,49,66,33
2017-03-18,0,56,20,32,27,28,43,50,56,22,36,33,31,24,30,50,55,33,49,69,33
2017-03-19,0,57,20,32,27,28,43,50,59,22,36,33,31,24,30,50,56,33,52,69,33
2017-04-01,0,57,20,32,27,31,44,50,62,22,36,34,34,27,33,50,59,34,53,69,33
2017-04-02,0,58,20,32,28,31,44,50,62,23,36,34,34,27,33,51,59,34,53,69,33
2017-04-04,0,58,20,35,28,31,44,51,62,23,36,34,37,27,36,51,59,34,54,69,33
2017-04-05,0,58,20,35,28,31,44,51,65,23,36,37,37,30,36,54,60,35,54,72,33
2017-04-08,0,61,20,36,28,31,44,51,68,24,36,40,37,30,36,54,63,35,54,75,36
2017-04-09,0,61,20,36,28,31,44,54,68,24,36,40,37,30,36,54,63,35,57,75,36
2017-04-10,0,61,20,36,28,34,44,54,68,24,36,40,37,30,36,54,63,35,57,75,36
2017-04-15,0,64,21,36,28,35,44,57,71,24,39,40,40,30,37,54,63,35,57,75,37
2017-04-16,0,64,21,36,28,35,44,57,71,24,39,40,40,30,37,54,66,35,60,75,37
2017-04-17,0,64,21,36,28,35,44,57,71,24,39,40,40,30,37,57,66,35,60,75,37
2017-04-22,0,64,21,36,31,35,44,58,71,24,39,40,40,33,37,57,66,38,60,75,38
2017-04-23,0,64,21,36,31,38,44,58,71,24,39,40,40,33,37,57,66,38,63,75,38
2017-04-25,0,64,21,36,31,38,44,58,71,24,39,40,40,33,37,57,66,38,63,78,38
2017-04-26,0,64,21,36,31,38,44,58,74,27,39,40,40,33,37,60,66,38,63,78,38
2017-04-27,0,65,21,36,31,38,44,58,74,27,39,40,40,33,37,60,66,38,64,78,38
2017-04-29,0,65,21,39,31,38,44,58,74,27,40,41,40,34,40,60,66,41,64,78,39
2017-04-30,0,66,21,39,32,38,44,58,77,28,40,41,40,34,40,60,66,41,65,81,39
2017-05-01,0,66,21,39,32,38,44,58,77,28,40,41,40,34,40,60,69,41,65,81,39
2017-05-05,0,66,21,39,32,38,44,58,77,28,40,41,40,34,40,60,69,41,65,81,42
2017-05-06,0,69,24,40,35,38,45,58,77,28,41,41,40,34,43,60,69,42,65,81,42
2017-05-07,0,69,24,40,35,38,45,58,77,28,41,42,40,34,43,63,70,42,65,81,42
2017-05-08,0,69,24,40,35,38,45,58,77,28,41,42,40,34,43,63,70,42,65,84,42
2017-05-10,0,69,24,40,35,38,45,58,77,28,41,42,40,34,43,66,70,42,65,84,42
2017-05-12,0,69,24,40,35,38,45,61,77,28,41,42,40,34,43,66,70,42,65,87,42
2017-05-13,0,72,24,40,38,38,45,61,77,28,41,45,40,34,43,69,70,45,65,87,42
2017-05-14,0,72,24,40,38,41,45,61,80,28,41,45,40,34,43,69,73,45,65,87,42
2017-05-15,0,72,24,40,38,41,45,61,80,28,41,45,40,34,43,69,73,45,65,90,42
2017-05-16,0,75,24,40,38,41,45,61,80,28,41,45,40,34,43,72,73,45,65,90,42
2017-05-17,0,75,24,40,38,41,45,61,80,28,41,46,40,34,43,72,73,45,66,90,42
2017-05-18,0,75,24,40,38,41,45,61,83,28,41,46,40,34,43,72,73,45,66,90,42
2017-05-21,0,78,24,40,41,41,45,61,86,28,44,46,40,34,44,75,76,46,69,93,45